MO  effCR   nrRE      par1      par2     MSE
2 0.111111 144 -3.829266 1.743309 0.001990436
2 0.111111 288 -4.952836 2.174309 0.001313617
2 0.111111 432 -5.356282 2.486262 0.001024011
2 0.111111 576 -5.587879 2.785045 0.001010888
2 0.111111 720 -5.743397 3.038138 0.0006477969
2 0.111111 1440 -6.075221 4.020386 0.001208281
2 0.1125 2880 -6.198978 5.601822 0.0004561522
2 0.110185 4320 -6.359087 6.688298 0.0004243343
2 0.111806 5760 -6.327774 7.793775 0.0003492151
2 0.111667 7200 -6.352767 8.691899 0.000400302
2 0.111481 10800 -6.387707 10.66425 0.000274899
2 0.110278 14400 -6.444618 12.34156 0.0001334441
2 0.138889 144 -3.271148 1.866409 0.001729744
2 0.138889 288 -4.19856 2.329721 0.001234797
2 0.138889 432 -4.613304 2.745139 0.001015864
2 0.145833 576 -4.618682 3.119046 0.0009261962
2 0.144444 720 -4.775342 3.375801 0.001090664
2 0.141667 1440 -5.082195 4.557174 0.0005132945
2 0.140278 2880 -5.247345 6.124245 0.0003921592
2 0.141667 4320 -5.247092 7.345868 0.0007949256
2 0.142361 5760 -5.248645 8.481425 0.0003914831
2 0.140556 7200 -5.31191 9.373403 0.0005004778
2 0.141111 10800 -5.311995 11.46305 0.000355179
2 0.141389 14400 -5.310816 13.18169 0.0001800733
2 0.194444 144 -2.314635 2.073975 0.001641513
2 0.180556 288 -3.260738 2.566917 0.001042625
2 0.185185 432 -3.451926 2.993843 0.001087666
2 0.180556 576 -3.725146 3.35701 0.0007444798
2 0.183333 720 -3.7609 3.759685 0.0006356342
2 0.180556 1440 -4.05447 5.000555 0.0005822063
2 0.184722 2880 -4.070607 7.061805 0.00046563
2 0.182407 4320 -4.166684 8.609102 0.0001939383
2 0.18125 5760 -4.214776 9.934244 0.0001350329
2 0.180556 7200 -4.24368 11.01584 0.0001998583
2 0.182593 10800 -4.199369 13.70089 3.61942e-05
2 0.181389 14400 -4.236265 15.93431 7.238327e-05
2 0.25 144 -1.552857 2.304461 0.001110182
2 0.25 288 -2.116173 2.895931 0.0009117391
2 0.240741 432 -2.454974 3.345649 0.0008930995
2 0.243056 576 -2.515292 3.740899 0.0009254393
2 0.244444 720 -2.574376 4.161276 0.000654879
2 0.241667 1440 -2.757583 5.640072 0.0003781359
2 0.240278 2880 -2.85424 7.733889 0.0003809613
2 0.241667 4320 -2.85449 9.214375 0.0003366316
2 0.242361 5760 -2.857041 10.7158 0.0002675277
2 0.242778 7200 -2.848562 12.15146 0.0001015191
2 0.241852 10800 -2.872643 14.49303 0.0001072103
2 0.241944 14400 -2.773354 14.83731 0.000244069
2 0.305556 144 -0.6880187 2.422899 0.001303436
2 0.305556 288 -1.361565 3.188494 0.0008298826
2 0.305556 432 -1.617224 3.781205 0.0004801496
2 0.305556 576 -1.730914 4.290173 0.0006132803
2 0.3 720 -1.838825 4.696807 0.0003697079
2 0.302778 1440 -1.905789 6.503229 0.0002207491
2 0.301389 2880 -1.987636 9.132692 0.0001528944
2 0.300926 4320 -2.006735 10.99427 0.0001604177
2 0.303472 5760 -1.982404 12.74901 0.0001399544
2 0.300556 7200 -2.00964 14.34218 1.435515e-05
2 0.301852 10800 -1.904178 14.09833 0.0001614923
2 0.301944 14400 -1.92144 16.31098 9.13428e-05
2 0.388889 144 0.4588552 2.603968 0.0009658104
2 0.375 288 -0.3262255 3.436123 0.0006023072
2 0.37037 432 -0.6069996 4.030913 0.0008109254
2 0.375 576 -0.6348904 4.605684 0.0004935444
2 0.372222 720 -0.7547218 5.036285 0.0004520581
2 0.380556 1440 -0.7677561 7.098477 0.0003969705
2 0.373611 2880 -0.9513002 9.964505 0.0003991095
2 0.375 4320 -0.9495837 12.29082 0.000159416
2 0.370139 5760 -1.035663 14.51208 3.186747e-05
2 0.371667 7200 -0.9913636 15.84948 5.009044e-05
2 0.37 10800 -0.9492409 16.04768 0.0001762814
2 0.370833 14400 -0.9285536 17.50638 5.509373e-05
2 0.444444 144 1.183161 2.702615 0.0008572532
2 0.430556 288 0.439713 3.59943 0.0008113202
2 0.435185 432 0.2917255 4.254851 0.0006593705
2 0.4375 576 0.2210303 4.794198 0.001140086
2 0.438889 720 0.1805345 5.459211 0.0004443869
2 0.436111 1440 0.01014707 7.571365 0.0003083742
2 0.440278 2880 0.006810943 10.7712 0.0001373494
2 0.434259 4320 -0.08978793 12.53557 0.0002502303
2 0.43125 5760 -0.1389364 14.81818 0.0001358495
2 0.430556 7200 -0.02173178 14.87635 1.032331e-05
2 0.432222 10800 -0.03321176 18.39467 3.264274e-06
2 0.43 14400 -0.03047119 20.5408 2.224211e-05
2 0.5 144 1.883553 2.746037 0.001247636
2 0.5 288 1.322896 3.758301 0.0009029759
2 0.5 432 1.128222 4.516593 0.0005585296
2 0.506944 576 1.110885 5.197565 0.0006534505
2 0.505556 720 1.041206 5.744133 0.0004545154
2 0.502778 1440 0.8792428 8.097628 0.0001913452
2 0.506944 2880 0.8735819 11.15867 0.0004113715
2 0.500926 4320 0.780853 14.24904 1.379199e-05
2 0.503472 5760 0.8016744 16.77003 1.028307e-05
2 0.501667 7200 0.892076 14.61022 0.0001669819
2 0.50037 10800 0.8363172 18.43932 7.619757e-05
2 0.501111 14400 0.8940735 18.5163 2.044238e-05
2 0.583333 144 2.925708 2.824335 0.0009354678
2 0.583333 288 2.382294 3.854541 0.0009099241
2 0.583333 432 2.202136 4.55108 0.000935466
2 0.590278 576 2.197058 5.245131 0.0005981911
2 0.583333 720 2.043103 5.771594 0.0006837055
2 0.580556 1440 1.889422 8.250962 0.0003459737
2 0.584722 2880 1.887064 11.44627 0.0002907215
2 0.582407 4320 1.83461 13.77247 0.0003353419
2 0.582639 5760 1.970029 14.1245 2.648556e-05
2 0.581667 7200 1.934445 15.51697 3.250464e-05
2 0.582222 10800 1.970808 19.08553 5.142848e-05
2 0.581111 14400 1.937255 20.23872 1.267453e-06
2 0.666667 144 3.989656 2.813942 0.0009863432
2 0.652778 288 3.260842 3.887689 0.0007105941
2 0.657407 432 3.128767 4.586964 0.001074709
2 0.659722 576 3.069316 5.198208 0.0008515113
2 0.65 720 2.880434 5.829348 0.0006926545
2 0.658333 1440 2.872689 8.294005 0.0003472515
2 0.651389 2880 2.738342 11.51572 0.0001713078
2 0.656482 4320 2.778987 14.78752 1.647491e-05
2 0.654861 5760 2.90372 12.66617 0.0002891069
2 0.652778 7200 2.832062 15.79411 0.0002787677
2 0.65037 10800 2.843635 15.97205 0.0002790029
2 0.651389 14400 2.880475 17.17105 6.052829e-05
4 0.333333 144 4.001963 3.202826 0.0009702771
4 0.333333 288 3.573468 4.366509 0.0007552561
4 0.337963 432 3.503144 5.358056 0.0007503788
4 0.329861 576 3.275065 6.205888 0.0004108807
4 0.330556 720 3.240554 6.959945 0.0002429158
4 0.334722 1440 3.224014 9.801325 0.0003419778
4 0.33125 2880 3.117479 13.57411 0.0001816806
4 0.331944 4320 3.124871 16.55471 6.448109e-05
4 0.330208 5760 3.184653 18.44534 4.043737e-05
4 0.330833 7200 3.183954 20.95399 8.760066e-06
4 0.331111 10800 3.211691 22.1051 7.505764e-05
4 0.330139 14400 3.222854 22.52747 4.314637e-05
4 0.375 144 4.689763 3.290819 0.001254923
4 0.375 288 4.320436 4.512969 0.001004287
4 0.375 432 4.171647 5.574407 0.0005316887
4 0.371528 576 4.038659 6.423739 0.00045425
4 0.380556 720 4.156802 7.086163 0.0004692656
4 0.373611 1440 3.954449 10.1533 0.0001744467
4 0.370139 2880 3.847917 14.22492 0.0001778227
4 0.373611 4320 4.018133 14.96818 0.0003643111
4 0.371875 5760 3.981683 18.0114 4.152428e-05
4 0.370833 7200 3.955573 19.97853 9.617275e-07
4 0.371111 10800 3.984518 24.07063 5.277673e-05
4 0.370139 14400 3.986829 25.12191 4.441936e-05
4 0.416667 144 5.369122 3.411559 0.001063653
4 0.409722 288 4.883361 4.62758 0.0008081121
4 0.412037 432 4.805681 5.624803 0.0005216375
4 0.413194 576 4.745328 6.530741 0.0005117861
4 0.413889 720 4.729166 7.251971 0.0005719932
4 0.418056 1440 4.722902 10.2951 0.000343888
4 0.414583 2880 4.626268 15.06914 6.160026e-05
4 0.410648 4320 4.675421 14.74095 0.000188826
4 0.410764 5760 4.656147 16.26197 0.0001608411
4 0.410833 7200 4.627918 19.68726 9.02953e-05
4 0.411111 10800 4.659294 20.61272 2.215138e-05
4 0.410139 14400 4.669657 21.85713 7.991969e-06
4 0.472222 144 6.262423 3.436237 0.001117772
4 0.479167 288 6.001885 4.799817 0.0007319491
4 0.476852 432 5.830972 5.856467 0.0005454182
4 0.475694 576 5.756526 6.635142 0.0005974013
4 0.480556 720 5.795085 7.545869 0.0002866412
4 0.473611 1440 5.612854 10.56181 0.0002281364
4 0.470139 2880 5.527422 14.88325 0.0001299617
4 0.473611 4320 5.706766 14.49067 0.0001342312
4 0.471875 5760 5.642432 17.16984 0.000144515
4 0.47 7200 5.643977 17.44654 0.000153434
4 0.471296 10800 5.669528 19.81207 2.372769e-05
4 0.470833 14400 5.688929 20.53666 7.082702e-06
4 0.541667 144 7.387776 3.373323 0.001375645
4 0.548611 288 7.100194 4.818526 0.0007744477
4 0.541667 432 6.87833 5.818354 0.0006145538
4 0.545139 576 6.864429 6.718797 0.0003534554
4 0.547222 720 6.858435 7.438995 0.0006894777
4 0.540278 1440 6.675105 10.51711 0.0003533593
4 0.54375 2880 6.877638 11.5908 0.0005025622
4 0.540278 4320 6.764703 15.45857 1.153233e-05
4 0.540278 5760 6.803177 15.80325 0.0005076097
4 0.541111 7200 6.786737 19.88618 0.0001380185
4 0.540926 10800 6.793648 22.81554 8.743336e-05
4 0.540417 14400 6.8253 19.75949 0.0001330912
4 0.597222 144 8.283648 3.359662 0.001315329
4 0.590278 288 7.795512 4.688143 0.0008278801
4 0.597222 432 7.768846 5.712711 0.0006435835
4 0.600694 576 7.762356 6.635481 0.0004741377
4 0.591667 720 7.582934 7.444218 0.0003520239
4 0.595833 1440 7.568967 10.73181 0.0001647287
4 0.59375 2880 7.65851 12.34183 0.0004586649
4 0.59213 4320 7.603045 15.19989 0.0004174897
4 0.590278 5760 7.619882 15.00056 0.0005450077
4 0.59 7200 7.572799 20.27929 3.839415e-05
4 0.590741 10800 7.645903 16.51628 0.0002756729
4 0.590417 14400 7.618587 20.14603 0.0001644213
4 0.638889 144 8.928672 3.413865 0.001414241
4 0.645833 288 8.658016 4.651651 0.0007093856
4 0.652778 432 8.652207 5.783795 0.000466304
4 0.642361 576 8.437616 6.514148 0.0007870465
4 0.647222 720 8.473933 7.254955 0.0004867062
4 0.640278 1440 8.28965 10.33948 0.0003349189
4 0.64375 2880 8.496989 11.29355 0.0005473912
4 0.640278 4320 8.374144 16.53644 0.000116617
4 0.640278 5760 8.431869 14.50037 0.0006316161
4 0.640278 7200 8.463187 14.45624 0.0003702985
4 0.641111 10800 8.454869 17.31387 0.0001285949
4 0.64 14400 8.476467 17.59702 5.712506e-05
6 0.425926 144 9.542538 3.903108 0.0008927826
6 0.421296 288 9.169602 5.421337 0.0006079616
6 0.422839 432 9.037173 6.906445 0.0005328354
6 0.428241 576 9.075641 8.061406 0.0004778122
6 0.424074 720 8.997323 8.807153 0.0002614645
6 0.426852 1440 8.966339 12.82188 9.772592e-05
6 0.421759 2880 9.003465 15.51232 0.000193577
6 0.421914 4320 8.955954 19.95952 8.846631e-07
6 0.421296 5760 8.981387 20.54076 0.0001118281
6 0.42 7200 8.945704 23.6562 3.923224e-07
6 0.420494 10800 8.988438 26.17954 5.14473e-05
6 0.420278 14400 8.988008 31.78631 1.87514e-05
6 0.462963 144 10.22309 3.972707 0.001065236
6 0.467593 288 10.00318 5.629703 0.0006793049
6 0.459877 432 9.747701 7.0158 0.0004681927
6 0.465278 576 9.773578 7.9995 0.0003436538
6 0.461111 720 9.671566 8.631949 0.000607774
6 0.463889 1440 9.688515 12.55818 0.0001483977
6 0.4625 2880 9.768037 15.71691 1.001444e-05
6 0.46142 4320 9.697957 18.60063 1.957909e-05
6 0.460185 5760 9.74727 19.44904 1.932029e-06
6 0.460926 7200 9.773577 21.95969 4.430252e-05
6 0.46 10800 9.751503 25.60259 4.591043e-07
6 0.46 14400 9.779797 29.23585 4.081761e-05
6 0.5 144 10.92022 3.982559 0.001552593
6 0.50463 288 10.71425 5.613119 0.0008905549
6 0.509259 432 10.69025 6.719158 0.0006859207
6 0.502315 576 10.50934 8.073575 0.0004389131
6 0.512963 720 10.70199 8.74343 0.0003993184
6 0.500926 1440 10.39964 13.27227 2.753746e-05
6 0.503241 2880 10.56063 14.576 9.993327e-05
6 0.5 4320 10.51435 16.70488 3.214205e-05
6 0.500926 5760 10.49481 18.75548 1.710661e-05
6 0.500926 7200 10.50872 20.46928 4.616256e-06
6 0.500124 10800 10.53161 22.84623 8.104355e-07
6 0.500463 14400 10.55565 27.62209 5.015419e-06
6 0.555556 144 11.96158 3.954524 0.001217382
6 0.550926 288 11.58852 5.528531 0.000875562
6 0.558642 432 11.66297 6.885329 0.0005245348
6 0.55787 576 11.58075 7.925268 0.0004338167
6 0.557407 720 11.54222 8.801361 0.0003710638
6 0.552778 1440 11.4229 12.41811 0.0002860509
6 0.551389 2880 11.50599 13.92725 0.0001493229
6 0.551852 4320 11.54674 16.38962 1.560781e-05
6 0.550231 5760 11.54791 17.31863 4.392228e-05
6 0.551296 7200 11.50795 18.33803 1.834714e-05
6 0.550494 10800 11.52703 21.06897 1.187415e-06
6 0.550093 14400 11.54121 23.47686 5.93357e-06
6 0.601852 144 12.90038 3.799474 0.001314684
6 0.615741 288 12.87587 5.424742 0.0008177564
6 0.608025 432 12.60378 6.490135 0.000631777
6 0.604167 576 12.50457 7.45796 0.0003833737
6 0.601852 720 12.4224 8.586575 0.0002542213
6 0.60463 1440 12.39275 12.43276 0.0001621697
6 0.603241 2880 12.4764 13.77332 0.0003166819
6 0.601235 4320 12.48776 14.54795 0.0001804077
6 0.600232 5760 12.50117 15.49484 8.054659e-05
6 0.601111 7200 12.53504 17.19854 1.291714e-05
6 0.600494 10800 12.54959 19.7904 2.27582e-05
6 0.600185 14400 12.55519 21.75928 3.282095e-05
6 0.657407 144 13.97203 3.753706 0.001250288
6 0.652778 288 13.59094 5.194669 0.0007213051
6 0.657407 432 13.56306 6.296135 0.0007506646
6 0.659722 576 13.56923 7.27129 0.0006199597
6 0.661111 720 13.58815 8.021003 0.0003583726
6 0.656482 1440 13.41139 11.85586 0.0001719913
6 0.651389 2880 13.43769 12.93724 0.0006647774
6 0.650617 4320 13.45967 13.73537 0.000502931
6 0.650231 5760 13.47543 14.33623 0.0003161454
6 0.65 7200 13.48752 15.38756 0.0001402027
6 0.650864 10800 13.54692 18.42596 5.831321e-05
6 0.650278 14400 13.55371 19.61494 9.613645e-05
6 0.694444 144 14.65885 3.72523 0.0009679049
6 0.689815 288 14.27681 5.108576 0.001093815
6 0.694444 432 14.29979 6.160717 0.0006830634
6 0.696759 576 14.27927 7.29808 0.0003955736
6 0.690741 720 14.13196 8.041656 0.0005293734
6 0.693519 1440 14.12385 11.44084 0.0001165206
6 0.69213 2880 14.20554 13.87667 0.0003518556
6 0.690124 4320 14.2188 14.41559 0.0008396967
6 0.690972 5760 14.25877 14.68847 0.0003420045
6 0.69 7200 14.26874 14.90626 0.0002885477
6 0.69 10800 14.32052 16.98202 3.664189e-05
6 0.690278 14400 14.33499 18.93868 2.038641e-05
6 0.75 144 15.72583 3.649973 0.001408382
6 0.74537 288 15.35727 4.990502 0.0009131249
6 0.743827 432 15.2011 6.277271 0.0008618718
6 0.752315 576 15.33748 7.151401 0.0003838104
6 0.75 720 15.28546 7.75049 0.0003732645
6 0.747222 1440 15.41178 8.718816 0.0007171171
6 0.742593 2880 15.31685 10.71959 0.00051884
6 0.741049 4320 15.30469 12.06476 0.0003639559
6 0.740278 5760 15.29692 12.60785 0.0004542897
6 0.741296 7200 15.32013 13.48141 0.0005514722
6 0.74037 10800 15.28255 14.50334 0.0002746915
6 0.74037 14400 15.3345 14.74988 0.003088644
6 0.805556 144 16.82833 3.603304 0.001203128
6 0.800926 288 16.43632 4.904135 0.0008419946
6 0.805556 432 16.44069 5.947026 0.0008187662
6 0.80787 576 16.41247 6.910659 0.0004868387
6 0.794444 720 16.08629 7.885748 0.0005512918
6 0.791667 1440 16.20627 9.240852 0.0007443734
6 0.790741 2880 16.21479 11.05867 0.0008172959
6 0.790432 4320 16.22095 12.03177 0.0007794722
6 0.790278 5760 16.21098 13.37573 0.001227773
6 0.790185 7200 16.25951 12.02755 0.00142076
6 0.79037 10800 16.31031 12.56486 0.0007861166
6 0.790463 14400 16.34377 13.23619 0.001050243
6 0.861111 144 18.02548 3.449196 0.001570604
6 0.856482 288 17.63307 4.779347 0.001129747
6 0.854938 432 17.49075 5.765839 0.00141785
6 0.863426 576 17.61681 6.492111 0.001050267
6 0.853704 720 17.376 7.223943 0.0006443666
6 0.850926 1440 17.50735 8.278946 0.001171413
6 0.85 2880 17.47693 9.276244 0.003607355
6 0.85216 4320 17.5629 11.22684 0.0008217797
6 0.851389 5760 17.57037 11.52024 0.00114292
6 0.85037 7200 17.60501 10.89345 0.002790074
6 0.850247 10800 17.64042 11.41981 0.002504607
6 0.850185 14400 17.62323 12.02784 0.004007502
6 0.87963 144 18.74732 2.695208 0.009718344
6 0.893518 288 18.61064 4.151405 0.003039671
6 0.87963 432 17.97713 5.833895 0.001009228
6 0.881944 576 17.98153 6.45344 0.0008589287
6 0.883333 720 17.98035 7.286638 0.0007332702
6 0.880556 1440 18.11243 8.247183 0.001205088
6 0.883333 2880 18.14144 10.04001 0.001114644
6 0.88179 4320 18.17509 10.56181 0.001510777
6 0.881019 5760 18.16346 11.72316 0.001819802
6 0.88 7200 18.21888 10.55137 0.002655815
6 0.880864 10800 18.27434 10.72037 0.00286833
6 0.880556 14400 18.24215 11.12553 0.005322575
6 0.935185 144 20.79546 2.31448 0.005592812
6 0.930556 288 19.64014 3.830157 0.003880498
6 0.929012 432 19.35485 5.341681 0.001162686
6 0.9375 576 19.68491 4.515701 0.006648171
6 0.927778 720 19.33313 4.947886 0.0143865
6 0.925 1440 19.54232 4.42058 0.03135655
6 0.92037 2880 19.3458 7.755449 0.00284822
6 0.921296 4320 19.37162 8.706067 0.002800704
6 0.921065 5760 19.46885 7.783727 0.007276051
6 0.92 7200 19.44617 8.332244 0.004591136
6 0.92037 10800 19.49691 8.84875 0.004795444
6 0.920556 14400 19.52431 8.405595 0.005569769
8 0.701389 144 19.5381 3.89453 0.001367258
8 0.697917 288 19.21136 5.597274 0.0007784923
8 0.696759 432 19.12364 6.539454 0.0006615941
8 0.703125 576 19.17796 7.662582 0.0006136413
8 0.695833 720 19.00116 8.696253 0.0002642891
8 0.69375 1440 19.11302 9.87193 0.0007085663
8 0.690278 2880 19.16679 10.46249 0.0004984171
8 0.690972 4320 19.11448 12.8848 0.0002581905
8 0.690799 5760 19.26094 10.83613 0.001478086
8 0.69 7200 19.16622 14.04965 0.0007200039
8 0.690278 10800 19.18682 16.03926 0.001101931
8 0.690417 14400 19.33741 15.63384 0.0005011468
8 0.784722 144 21.45178 3.653781 0.001580054
8 0.78125 288 21.07875 5.266654 0.0008499478
8 0.789352 432 21.18584 6.399659 0.0006694784
8 0.786458 576 21.08831 7.272238 0.0006390561
8 0.784722 720 21.03142 8.13688 0.0005758886
8 0.782639 1440 21.14965 9.58594 0.0006423261
8 0.781944 2880 21.16611 11.50236 0.0003935641
8 0.781018 4320 21.19836 12.49645 0.0009175189
8 0.781076 5760 21.21506 12.54337 0.001694578
8 0.780694 7200 21.30846 12.5677 0.0004707065
8 0.780093 10800 21.34983 14.43036 0.0006739311
8 0.78 14400 21.2727 12.92731 0.001233189
8 0.868056 144 23.55761 3.626829 0.001544914
8 0.864583 288 23.23654 4.256613 0.008745421
8 0.863426 432 23.03668 6.048648 0.0008579998
8 0.869792 576 23.17134 6.140186 0.004267041
8 0.8625 720 22.96549 7.523231 0.0006615326
8 0.860417 1440 23.09368 8.609414 0.0009612069
8 0.861458 2880 23.20105 9.464991 0.001974131
8 0.860648 4320 23.1993 10.42736 0.001568812
8 0.861111 5760 23.21094 11.06296 0.002680131
8 0.860278 7200 23.27802 10.38736 0.00190635
8 0.860556 10800 23.34418 10.21318 0.003624195
8 0.860139 14400 23.44838 8.902811 0.01272939
8 0.951389 144 27.39175 2.196123 0.003308209
8 0.934028 288 25.29992 3.842269 0.007875466
8 0.9375 432 25.35317 3.991013 0.01452019
8 0.939236 576 25.39773 4.412765 0.01158197
8 0.940278 720 25.38209 4.461954 0.01640956
8 0.932639 1440 25.41122 4.667589 0.02245484
8 0.930903 2880 25.4758 4.559074 0.02742387
8 0.930324 4320 25.52747 4.517474 0.03213379
8 0.930035 5760 25.57349 4.226449 0.03906122
8 0.930278 7200 25.34116 8.766714 0.0047828
8 0.930648 10800 25.60818 4.437124 0.04818216
8 0.930486 14400 25.45907 8.2725 0.01074629
